{
 "cells": [
  {
   "cell_type": "code",
   "execution_count": 1,
   "metadata": {},
   "outputs": [],
   "source": [
    "import sys\n",
    "sys.path.append('../')\n",
    "import numpy as np\n",
    "import jax\n",
    "import jax.numpy as jnp\n",
    "from jax import random\n",
    "import optax\n",
    "from functools import partial\n",
    "import matplotlib.pyplot as plt\n",
    "from windows import initInterval, cosine, norm, unnorm\n",
    "from matrix_builder import generate_indices\n",
    "from matrix_builder import elmfbpinn \n",
    "from matrix_builder_old import elmfbpinn_old\n",
    "from networks import phi,phi_dx,phi_dxx, phi_old, phi_dx_old, phi_dxx_old\n",
    "from utils import display_windows\n",
    "\n",
    "key = random.PRNGKey(0) \n",
    "\n",
    "# Define the exact solution for the damped harmonic oscillator\n",
    "m = 1\n",
    "delta = 2\n",
    "mu = 2 * delta\n",
    "omega_0 = 80\n",
    "k = omega_0**2\n",
    "omega = jnp.sqrt(omega_0**2 - delta**2)\n",
    "\n",
    "def exact_solution_cos(t):\n",
    "    phi = jnp.arctan(-delta / omega)\n",
    "    A = 1 / (2 * jnp.cos(phi))\n",
    "    return 2 * A * jnp.exp(-delta * t) * jnp.cos(phi + omega * t)\n",
    "\n",
    "def exact_solution_sin(t):\n",
    "    phi = jnp.arctan(-delta / omega)\n",
    "    A = 1 / (2 * jnp.cos(phi))\n",
    "    return 1/(omega) *jnp.exp(-delta * t) * jnp.sin(omega * t)\n",
    "\n",
    "# def harm_u_exact_3(t):\n",
    "#     return jnp.exp(-delta * t) * jnp.cos(omega * t)\n",
    "\n",
    "# def harm_u_exact_4(t):\n",
    "#     return jnp.exp(-delta * t) * jnp.sin(omega * t)\n",
    "\n",
    "def zero_RHS(t):\n",
    "    return 0.0 * t\n",
    "\n",
    "def initWeightBiases(nSubdomains, layer,R=None):\n",
    "    params_hidden = []  # To store hidden layer parameters\n",
    "    for i in range(len(layer) - 2):  # Loop through hidden layers only\n",
    "        key = random.PRNGKey(i)\n",
    "        w_key_hidden, b_key_hidden, key = random.split(key, 3)\n",
    "        \n",
    "        # Calculate weight initialization scale\n",
    "        if R is None: # He initialization\n",
    "            v = jnp.sqrt(2. / (layer[i] + layer[i + 1]))\n",
    "            #jax.debug.print(\"hidden v: {v}\",v=v)\n",
    "            W = random.uniform(w_key_hidden, (layer[i], layer[i + 1]), minval=-v, maxval=v)\n",
    "            b = random.uniform(b_key_hidden, (layer[i + 1],), minval=-v, maxval=v)\n",
    "            \n",
    "        else: # Random initialization\n",
    "            key = random.PRNGKey(0)\n",
    "            w_key_hidden, b_key_hidden, key = random.split(key, 3)\n",
    "            W = random.uniform(w_key_hidden, (layer[i], layer[i + 1]), minval=-R, maxval=R)\n",
    "            b = random.uniform(b_key_hidden, (layer[i + 1],), minval=-R, maxval=R)\n",
    "        \n",
    "        params_hidden.append((W, b))\n",
    "    \n",
    "    # Output layer (unique weights and biases for each subdomain)\n",
    "    key = random.PRNGKey(len(layer) - 2)  # Ensure a new key for the output layer\n",
    "    w_key, b_key, key = random.split(key, 3)\n",
    "    \n",
    "    if R is None: \n",
    "        v = jnp.sqrt(2. / (layer[-2] + layer[-1]))\n",
    "        #jax.debug.print(\"outer v: {v}\",v=v)\n",
    "        W_out = random.uniform(w_key, (nSubdomains, layer[-2], layer[-1]), minval=-v, maxval=v)\n",
    "        b_out = random.uniform(b_key, (nSubdomains, layer[-1]), minval=-v, maxval=v)\n",
    "    \n",
    "    else:\n",
    "        key = random.PRNGKey(0)\n",
    "        w_key_out, b_key_out, key = random.split(key, 3)\n",
    "        W_out = random.uniform(w_key, (nSubdomains, layer[-2], layer[-1]), minval=-R, maxval=R)\n",
    "        b_out = random.uniform(b_key, (nSubdomains, layer[-1]), minval=-R, maxval=R)\n",
    "    \n",
    "    params_out = (W_out, b_out)\n",
    "    \n",
    "    return params_hidden, params_out, w_key_hidden,b_key_hidden\n",
    "\n",
    "def initInterval(nSubdomains, xmin, xmax, width=1.9, verbose=False):\n",
    "    sd = (xmax - xmin) / nSubdomains\n",
    "    xc = jnp.linspace(xmin, xmax, nSubdomains)\n",
    "    xmins = xc - width*sd\n",
    "    xmaxs = xc + width*sd\n",
    "    if verbose:\n",
    "        display_windows(xmins, xmaxs)\n",
    "    return jnp.stack([xmins, xmaxs], axis=-1)\n",
    "\n",
    "# Normalization and denormalization functions\n",
    "def norm(mu, sd, x):\n",
    "    return (x - mu) / sd\n",
    "\n",
    "def unnorm(mu, sd, x):\n",
    "    return x * sd + mu\n",
    "\n",
    "# Forward pass through the neural network\n",
    "def forward(x, params_hidden, params_outer_layer,sigma):\n",
    "    for weight, bias in params_hidden:\n",
    "        x = sigma(jnp.dot(x, weight) + bias)\n",
    "        \n",
    "    final_weight, final_bias = params_outer_layer\n",
    "    return jnp.dot(x, final_weight) + final_bias\n",
    "\n",
    "# Function to be vmapped across the x points and subdomains\n",
    "def inner(params_hidden, params_outer_layer, ranges, x, sigma):\n",
    "    xmin, xmax = ranges\n",
    "    mu = (xmin + xmax) / 2\n",
    "    sd = (xmax - xmin) / 2\n",
    "\n",
    "    w = window_hat(x, xmin, xmax)\n",
    "    x = norm(mu, sd, x)\n",
    "    x = forward(x, params_hidden, params_outer_layer, sigma)\n",
    "    x = unnorm(0, 1, x)\n",
    "\n",
    "    #jax.debug.print(\"w: {w}\",w=w)  # Printing inside vmap is okay but will be lazy\n",
    "    #jax.debug.print(\"x: {x}\",x=x)\n",
    "    evaluation = w * x\n",
    "    #jax.debug.print(\"w*x: {evaluation}\",evaluation=evaluation)\n",
    "    return w * x\n",
    "\n",
    "def cosine(xmin,xmax, x):\n",
    "    mu, sd = (xmin+xmax)/2, (xmax-xmin)/2\n",
    "    ws = ((1+jnp.cos(jnp.pi*(x-mu)/sd))/2)**2\n",
    "    ws = jnp.heaviside(x-xmin,1)*jnp.heaviside(xmax-x,1)*ws\n",
    "    w = jnp.prod(ws, axis=0, keepdims=True)\n",
    "    return w\n",
    "\n",
    "# Partition of Unity window function\n",
    "def window_hat(x, xmin, xmax):\n",
    "    condition = jnp.logical_and(x >= xmin, x <= xmax)\n",
    "    mu = (xmin + xmax) / 2.0\n",
    "    sd = (xmax - xmin) / 2.0\n",
    "    return jnp.where(condition, (1 + jnp.cos(jnp.pi * (x - mu) / sd)) ** 2, 0)\n",
    "\n",
    "def POU(x, ranges, full_ranges, J): #Fix this later to work with the vmap over ranges?\n",
    "    xmin, xmax = ranges #Subdomain range\n",
    "    xmins, xmaxs = full_ranges[:, 0], full_ranges[:, 1] #list of full subdomain ranges\n",
    "    w_k = jnp.array([cosine(xmins[k], xmaxs[k], x) for k in range(J)])\n",
    "    w_j = window_hat(xmin, xmax, x)\n",
    "    return w_j/jnp.sum(w_k)\n",
    "\n",
    "def model(params, ranges, x, sigma):\n",
    "    us = jax.vmap(\n",
    "        jax.vmap(inner, in_axes=(None, None, None, 0, None)),  # Inner vmap for each x\n",
    "        in_axes=(None, 0, 0, None, None)  # Outer vmap for each subdomain j\n",
    "    )(params[0], params[1], ranges, x, sigma)\n",
    "\n",
    "    return jnp.sum(us, axis=0)\n",
    "\n",
    "#supervised loss\n",
    "def single_loss_fn(params, ranges, x, y,sigma):\n",
    "    # Get the model predictions\n",
    "    u = model(params, ranges, x,sigma)\n",
    "    \n",
    "    # Compute the mean squared error loss\n",
    "    return jnp.mean((u - y) ** 2)\n",
    "\n",
    "def sum_losses(params, ranges, x, y, sigma):\n",
    "    loss_fn = lambda y_single: single_loss_fn(params, ranges, x, y_single, sigma)\n",
    "    losses = jax.vmap(loss_fn)(y)  # Apply single_loss_fn to each y in parallel\n",
    "    return jnp.sum(losses)\n",
    "\n",
    "\n",
    "# Training step\n",
    "#from jax import jit\n",
    "@partial(jax.jit, static_argnums=(5,6))\n",
    "def train_step(params, ranges, opt_state, x, y, optimizer,sigma):\n",
    "    # Compute the gradient of the loss function\n",
    "    loss, grads = jax.value_and_grad(single_loss_fn, has_aux=False)(params, ranges, x, y,sigma)\n",
    "\n",
    "    # Apply the updates to the parameters\n",
    "    updates, opt_state = optimizer.update(grads, opt_state)\n",
    "\n",
    "    # Apply the updates to the entire params\n",
    "    params = optax.apply_updates(params, updates)\n",
    "\n",
    "    return params, opt_state, loss\n"
   ]
  },
  {
   "cell_type": "code",
   "execution_count": 2,
   "metadata": {},
   "outputs": [],
   "source": [
    "def basis_pretrain(layer_sizes, J, xmin, xmax, nSamples, epochs, epoch_print, learning_rate, sigma, harm_u_exact=None,R=None):\n",
    "    # Initialize random key and parameters\n",
    "    key = random.PRNGKey(0)\n",
    "    \n",
    "    # Initialize the weights and biases for the hidden and output layers\n",
    "    params_hidden, params_out, w_key,b_key = initWeightBiases(J, layer_sizes,R)\n",
    "    #print(f\"hidden weights: {params_hidden[0][0]}\")\n",
    "    #print(f\"hidden biases: {params_hidden[0][1]}\")\n",
    "    params = (params_hidden, params_out)\n",
    "    \n",
    "    # Initialize the subdomains\n",
    "    ranges = initInterval(J, xmin, xmax,width=1.9,verbose=False)\n",
    "    # for r in ranges:\n",
    "    #     print(f\"range: {r}\")\n",
    "    #full_ranges = initInterval(J, xmin, xmax,width=1.9,verbose=False)\n",
    "    \n",
    "    # Create training data\n",
    "    x_train = jnp.linspace(xmin, xmax, nSamples).reshape(-1, 1)\n",
    "    y_train = harm_u_exact(x_train)\n",
    "    # y_train_1 = exact_solution_cos(x_train) #Y number of these\n",
    "    # y_train_2 = exact_solution_sin(x_train) #Y number of these\n",
    "\n",
    "    # y_train = jnp.stack([y_train_1,y_train_2],axis=0)\n",
    "    \n",
    "    # Initialize optimizer (Adam optimizer)\n",
    "    key, subkey = random.split(key)\n",
    "    optimizer = optax.adam(learning_rate)\n",
    "    opt_state = optimizer.init(params)\n",
    "    \n",
    "    # Training loop\n",
    "    for epoch in range(epochs):\n",
    "        # Perform one training step\n",
    "        # print(f\"before params: {params}\")\n",
    "        params, opt_state, loss = train_step(params, ranges, opt_state, x_train, y_train, optimizer, sigma)\n",
    "        #print(f\"after params: {params}\")\n",
    "        # Print loss every 1000 epochs\n",
    "        if epoch % epoch_print == 0:\n",
    "            print(f\"Epoch {epoch}, Loss: {loss:.9f}\")\n",
    "    \n",
    "    # Return the trained parameters, optimizer state, and final loss\n",
    "    return params,ranges, opt_state, key, w_key,b_key"
   ]
  },
  {
   "cell_type": "code",
   "execution_count": 3,
   "metadata": {},
   "outputs": [
    {
     "name": "stdout",
     "output_type": "stream",
     "text": [
      "Epoch 0, Loss: 0.356901377\n",
      "Epoch 1000, Loss: 0.000045167\n",
      "Epoch 2000, Loss: 0.000020676\n",
      "Epoch 3000, Loss: 0.000018675\n",
      "Epoch 4000, Loss: 0.000018187\n",
      "Epoch 5000, Loss: 0.000018147\n",
      "Epoch 6000, Loss: 0.000018146\n",
      "Epoch 7000, Loss: 0.000018146\n",
      "Epoch 8000, Loss: 0.000018219\n",
      "Epoch 9000, Loss: 0.000018145\n"
     ]
    }
   ],
   "source": [
    "layer_sizes = [1, 16, 1]\n",
    "J = 5\n",
    "R = 0.24\n",
    "xmin, xmax = 0, 1\n",
    "nSamples = 1000\n",
    "epochs = 10000\n",
    "epoch_print = epochs/10\n",
    "learning_rate = 1e-3\n",
    "# x_train = jnp.linspace(xmin, xmax, nSamples).reshape(-1, 1) #Y number of these\n",
    "# y_train_1 = exact_solution_cos(x_train) #Y number of these\n",
    "# y_train_2 = exact_solution_sin(x_train) #Y number of these\n",
    "\n",
    "# y_train = jnp.stack([y_train_1,y_train_2],axis=0)\n",
    "\n",
    "# y_train.shape\n",
    "sin_params, sin_ranges, sin_opt_state,key, w_key,b_key= basis_pretrain(layer_sizes, J, xmin, xmax,nSamples, epochs,epoch_print, learning_rate, jnp.sin, harm_u_exact = exact_solution_sin,R=R)"
   ]
  },
  {
   "cell_type": "code",
   "execution_count": 4,
   "metadata": {},
   "outputs": [],
   "source": [
    "# import numpy as np\n",
    "\n",
    "# # Function to evaluate activations of the hidden units\n",
    "# def get_hidden_activations(x_vals, params,sigma):\n",
    "#     activations = []\n",
    "#     x = x_vals\n",
    "#     for weight, bias in params[0]:  # Iterate over all hidden layers\n",
    "#         x = sigma(jnp.dot(x, weight) + bias)\n",
    "#         activations.append(x)\n",
    "    \n",
    "#     plt.figure(figsize=(15, 10))\n",
    "#     for i, activation in enumerate(activations):\n",
    "#         plt.plot(x_vals, activation, label=f'Hidden Unit {i+1}')\n",
    "        \n",
    "#     plt.xlabel('Input x')\n",
    "#     plt.ylabel('Activation')\n",
    "#     plt.title(f'Activation of Hidden Units: {sigma.__name__}')\n",
    "#     plt.grid()\n",
    "#     plt.show()\n",
    "#     return activations"
   ]
  },
  {
   "cell_type": "code",
   "execution_count": 5,
   "metadata": {},
   "outputs": [],
   "source": [
    "# # Generate a set of x values to evaluate the activations\n",
    "# x_vals = jnp.linspace(0, 1, nSamples).reshape(-1, 1)\n",
    "# # Get the activations for the hidden units\n",
    "# hidden_activations = get_hidden_activations(x_vals, sin_params,jnp.sin)\n"
   ]
  },
  {
   "cell_type": "code",
   "execution_count": 6,
   "metadata": {},
   "outputs": [],
   "source": [
    "# hidden_activations = get_hidden_activations(x_vals, sin_params,jnp.tanh)# "
   ]
  },
  {
   "cell_type": "markdown",
   "metadata": {},
   "source": [
    "### Old Function test"
   ]
  },
  {
   "cell_type": "code",
   "execution_count": 9,
   "metadata": {},
   "outputs": [
    {
     "name": "stdout",
     "output_type": "stream",
     "text": [
      "====================================\n",
      "Weights shapes: (4,)\n",
      "Weights: [ 17.115707 -15.881067 -13.641095 -18.963718]\n",
      "Biases shapes: (4,)\n",
      "Biases: [-24.63531   -23.95544     4.0713253  -6.9081   ]\n",
      "====================================\n",
      "xmins: [-0.38 -0.13  0.12  0.37  0.62]\n",
      "xmaxs: [0.38 0.63 0.88 1.13 1.38]\n",
      "====================================\n",
      "Number of neurons C: 4\n",
      "====================================\n",
      "x_train shape: (150,)\n",
      "First few x_train values: [0.         0.00671141 0.01342282 0.02013423 0.02684564]\n",
      "====================================\n",
      "rows shape: (1664,), columns shape: (1664,)\n",
      "First few rows indices: [0 0 0 0 0]\n",
      "First few columns indices: [0 1 2 3 4]\n",
      "Creating M_ode...\n",
      "Values shape: (Array(1664, dtype=int32, weak_type=True),)\n",
      "====================================\n",
      "M_values shape: (1664,)\n",
      "Max of M_values before scaling: 24116.359375\n",
      "First few values of M_values: [ 11768.533  22365.54  -19574.398 -14223.638   1127.478]\n",
      "====================================\n",
      "M_values_scaled shape: (1664,)\n",
      "Max of M_values_scaled: 0.9993042349815369\n",
      "First few values of M_values_scaled: [ 0.4876501   0.9267559  -0.8111     -0.58938175  0.04671906]\n",
      "====================================\n",
      "M_ode_sparse shape: (150, 20)\n",
      "M_ode_sparse non-zero entries: 1664\n",
      "M_ode created in 0.08 seconds.\n",
      "====================================\n",
      "exact_solution shape: (150,)\n",
      "First few values of exact_solution: [0. 0. 0. 0. 0.]\n",
      "Exact_solution scaled.\n",
      "====================================\n",
      "Creating B_train...\n",
      "u_vals shape: (5, 4)\n",
      "first few u_vals: [[ 1.9086814   3.6942978  -3.2058403  -2.340113  ]\n",
      " [ 0.13104583  0.25364232 -0.2201059  -0.16066697]\n",
      " [ 0.          0.         -0.         -0.        ]\n",
      " [ 0.          0.         -0.         -0.        ]\n",
      " [ 0.          0.         -0.         -0.        ]]\n",
      "du_vals shape: (5, 4)\n",
      "first few du_vals: [[ 60.165874  -24.356426   32.632133  -61.519287 ]\n",
      " [  7.767221    5.3660126  -3.8672254  -8.682095 ]\n",
      " [  0.          0.          0.         -0.       ]\n",
      " [  0.          0.          0.         -0.       ]\n",
      " [  0.          0.          0.         -0.       ]]\n",
      "B_train created in 0.15 seconds.\n",
      "====================================\n",
      "B_train shape: (2, 20)\n",
      "B_train max value before scaling: 60.16587448120117\n",
      "First few values of B_train: [[  1.9086814    3.6942978   -3.2058403   -2.340113     0.13104583\n",
      "    0.25364232  -0.2201059   -0.16066697   0.           0.\n",
      "   -0.          -0.           0.           0.          -0.\n",
      "   -0.           0.           0.          -0.          -0.        ]\n",
      " [ 60.165874   -24.356426    32.632133   -61.519287     7.767221\n",
      "    5.3660126   -3.8672254   -8.682095     0.           0.\n",
      "    0.          -0.           0.           0.           0.\n",
      "   -0.           0.           0.           0.          -0.        ]]\n",
      "====================================\n",
      "B_train scaled\n",
      "B_train scaled shape: (2, 20)\n",
      "B_train scaled max value: 1.0\n",
      "First few values of B_train scaled: [[ 0.51665604  1.         -0.8677807  -0.6334392   0.03547246  0.06865779\n",
      "  -0.0595799  -0.04349053  0.          0.          0.          0.\n",
      "   0.          0.          0.          0.          0.          0.\n",
      "   0.          0.        ]\n",
      " [ 0.9780002  -0.3959153   0.53043747 -1.0000001   0.12625669  0.08722489\n",
      "  -0.062862   -0.14112802  0.          0.          0.          0.\n",
      "   0.          0.          0.          0.          0.          0.\n",
      "   0.          0.        ]]\n",
      "====================================\n",
      "g_train created\n",
      "g_train values: [0.27068743 0.        ]\n",
      "LHS.shape: (20, 20)\n",
      "LHS: [[ 1.13631029e+01  3.63398862e+00 -2.26105332e+00 -1.11099405e+01\n",
      "   4.53336573e+00  5.39855957e-01 -5.48398018e-01 -4.00025415e+00\n",
      "   6.41088560e-02  1.18310545e-02 -3.45237404e-02 -4.15223949e-02\n",
      "   7.56552876e-11  1.14636516e-10 -1.03523495e-10 -1.15765030e-10\n",
      "   0.00000000e+00  0.00000000e+00  0.00000000e+00  0.00000000e+00]\n",
      " [ 3.63398862e+00  7.43015146e+00 -6.58369780e+00 -5.08380079e+00\n",
      "   1.33999336e+00  4.35151768e+00 -4.37205315e+00 -2.74772716e+00\n",
      "   3.63796949e-02  3.03817932e-02 -3.60568278e-02 -4.03223448e-02\n",
      "   1.33931866e-10  2.02939984e-10 -1.83266707e-10 -2.04937775e-10\n",
      "   0.00000000e+00  0.00000000e+00  0.00000000e+00  0.00000000e+00]\n",
      " [-2.26105332e+00 -6.58369780e+00  5.95617628e+00  3.63642550e+00\n",
      "  -1.26016760e+00 -4.31159163e+00  4.43116760e+00  2.61885357e+00\n",
      "  -5.24481200e-02 -2.78858952e-02  4.11587916e-02  4.66258712e-02\n",
      "  -1.14030452e-10 -1.72784412e-10  1.56034449e-10  1.74485343e-10\n",
      "   0.00000000e+00  0.00000000e+00  0.00000000e+00  0.00000000e+00]\n",
      " [-1.11099405e+01 -5.08380079e+00  3.63642550e+00  1.13488483e+01\n",
      "  -4.36933661e+00 -2.09110570e+00  2.06562495e+00  4.48709679e+00\n",
      "  -5.81262447e-02 -2.57652365e-02  4.14966419e-02  4.85545434e-02\n",
      "  -1.32461542e-10 -2.00712086e-10  1.81254775e-10  2.02687950e-10\n",
      "   0.00000000e+00  0.00000000e+00  0.00000000e+00  0.00000000e+00]\n",
      " [ 4.53336573e+00  1.33999336e+00 -1.26016760e+00 -4.36933661e+00\n",
      "   1.58695669e+01  6.38342142e+00 -1.04772682e+01 -1.28399172e+01\n",
      "   4.46272898e+00  2.15706539e+00 -3.95346427e+00 -2.67294383e+00\n",
      "   3.24947946e-02  7.29144784e-04 -3.08693107e-02  5.55888051e-03\n",
      "   1.97371564e-10  1.22106186e-10 -1.97303202e-10 -1.07658127e-11]\n",
      " [ 5.39855957e-01  4.35151768e+00 -4.31159163e+00 -2.09110570e+00\n",
      "   6.38342142e+00  1.56110210e+01 -1.46793776e+01 -1.27458229e+01\n",
      "   3.01426196e+00  4.88646889e+00 -4.48372889e+00 -4.57128525e+00\n",
      "   2.11581402e-02  3.44900377e-02 -1.55726243e-02 -3.50639746e-02\n",
      "   1.35577008e-10  8.38762740e-11 -1.35530046e-10 -7.39517215e-12]\n",
      " [-5.48398018e-01 -4.37205315e+00  4.43116760e+00  2.06562495e+00\n",
      "  -1.04772682e+01 -1.46793776e+01  1.59441223e+01  1.39773645e+01\n",
      "  -4.32553720e+00 -3.97807288e+00  5.03079987e+00  3.93458867e+00\n",
      "  -2.95158792e-02  3.05365585e-03  2.86847949e-02 -9.01178457e-03\n",
      "  -1.88479024e-10 -1.16604712e-10  1.88413729e-10  1.02807606e-11]\n",
      " [-4.00025415e+00 -2.74772716e+00  2.61885357e+00  4.48709679e+00\n",
      "  -1.28399172e+01 -1.27458229e+01  1.39773645e+01  1.53786287e+01\n",
      "  -3.47410560e+00 -4.38113546e+00  4.30312634e+00  4.47143555e+00\n",
      "  -1.98450405e-02 -4.00748029e-02  1.35781327e-02  4.19717319e-02\n",
      "  -3.51795502e-11 -2.17642328e-11  3.51673655e-11  1.91890080e-12]\n",
      " [ 6.41088560e-02  3.63796949e-02 -5.24481200e-02 -5.81262447e-02\n",
      "   4.46272898e+00  3.01426196e+00 -4.32553720e+00 -3.47410560e+00\n",
      "   1.55653524e+01  1.01250267e+01 -1.50005865e+01 -7.54316473e+00\n",
      "   4.67746496e+00  3.26282430e+00 -4.59999466e+00 -7.23646104e-01\n",
      "   4.53532934e-02  4.21064682e-02 -2.06701700e-02 -3.99796851e-03]\n",
      " [ 1.18310545e-02  3.03817932e-02 -2.78858952e-02 -2.57652365e-02\n",
      "   2.15706539e+00  4.88646889e+00 -3.97807288e+00 -4.38113546e+00\n",
      "   1.01250267e+01  1.56820431e+01 -9.47694683e+00 -1.48011475e+01\n",
      "   3.91329074e+00  4.50907707e+00 -2.66557169e+00 -3.26683736e+00\n",
      "   5.63845970e-02  6.50964677e-02 -9.14805289e-03 -2.95370333e-02]\n",
      " [-3.45237404e-02 -3.60568278e-02  4.11587916e-02  4.14966419e-02\n",
      "  -3.95346427e+00 -4.48372889e+00  5.03079987e+00  4.30312634e+00\n",
      "  -1.50005865e+01 -9.47694683e+00  1.53985596e+01  6.60104561e+00\n",
      "  -4.19242048e+00 -1.83451331e+00  5.29942513e+00 -1.08722341e+00\n",
      "  -1.74644426e-03  1.42976092e-02  2.16018688e-02 -3.06173358e-02]\n",
      " [-4.15223949e-02 -4.03223448e-02  4.66258712e-02  4.85545434e-02\n",
      "  -2.67294383e+00 -4.57128525e+00  3.93458867e+00  4.47143555e+00\n",
      "  -7.54316473e+00 -1.48011475e+01  6.60104561e+00  1.53446293e+01\n",
      "  -1.77333784e+00 -3.84461689e+00 -1.69745743e-01  4.36076069e+00\n",
      "  -3.33144441e-02 -5.32598905e-02 -1.42856203e-02  4.69772890e-02]\n",
      " [ 7.56552876e-11  1.33931866e-10 -1.14030452e-10 -1.32461542e-10\n",
      "   3.24947946e-02  2.11581402e-02 -2.95158792e-02 -1.98450405e-02\n",
      "   4.67746496e+00  3.91329074e+00 -4.19242048e+00 -1.77333784e+00\n",
      "   1.56742611e+01  1.35894804e+01 -9.25155640e+00 -9.66689885e-01\n",
      "   4.19375277e+00  3.63355160e+00 -1.52510512e+00  1.14279366e+00]\n",
      " [ 1.14636516e-10  2.02939984e-10 -1.72784412e-10 -2.00712086e-10\n",
      "   7.29144784e-04  3.44900377e-02  3.05365585e-03 -4.00748029e-02\n",
      "   3.26282430e+00  4.50907707e+00 -1.83451331e+00 -3.84461689e+00\n",
      "   1.35894804e+01  1.62144051e+01 -1.91835570e+00 -8.66435146e+00\n",
      "   4.00899982e+00  4.16181326e+00  3.49493027e-01 -5.94660163e-01]\n",
      " [-1.03523495e-10 -1.83266707e-10  1.56034449e-10  1.81254775e-10\n",
      "  -3.08693107e-02 -1.55726243e-02  2.86847949e-02  1.35781327e-02\n",
      "  -4.59999466e+00 -2.66557169e+00  5.29942513e+00 -1.69745743e-01\n",
      "  -9.25155640e+00 -1.91835570e+00  1.50869436e+01 -1.05345440e+01\n",
      "  -6.67103350e-01  1.21386933e+00  5.33398533e+00 -4.45461607e+00]\n",
      " [-1.15765030e-10 -2.04937775e-10  1.74485343e-10  2.02687950e-10\n",
      "   5.55888051e-03 -3.50639746e-02 -9.01178457e-03  4.19717319e-02\n",
      "  -7.23646104e-01 -3.26683736e+00 -1.08722341e+00  4.36076069e+00\n",
      "  -9.66689885e-01 -8.66435146e+00 -1.05345440e+01  1.53495178e+01\n",
      "   1.08012736e-01 -1.56934559e+00 -4.36334372e+00  4.26853085e+00]\n",
      " [ 0.00000000e+00  0.00000000e+00  0.00000000e+00  0.00000000e+00\n",
      "   1.97371564e-10  1.35577008e-10 -1.88479024e-10 -3.51795502e-11\n",
      "   4.53532934e-02  5.63845970e-02 -1.74644426e-03 -3.33144441e-02\n",
      "   4.19375277e+00  4.00899982e+00 -6.67103350e-01  1.08012736e-01\n",
      "   1.01102629e+01  1.02997742e+01  2.37335658e+00  1.43472433e+00]\n",
      " [ 0.00000000e+00  0.00000000e+00  0.00000000e+00  0.00000000e+00\n",
      "   1.22106186e-10  8.38762740e-11 -1.16604712e-10 -2.17642328e-11\n",
      "   4.21064682e-02  6.50964677e-02  1.42976092e-02 -5.32598905e-02\n",
      "   3.63355160e+00  4.16181326e+00  1.21386933e+00 -1.56934559e+00\n",
      "   1.02997742e+01  1.12056894e+01  4.46181917e+00 -4.58992064e-01]\n",
      " [ 0.00000000e+00  0.00000000e+00  0.00000000e+00  0.00000000e+00\n",
      "  -1.97303202e-10 -1.35530046e-10  1.88413729e-10  3.51673655e-11\n",
      "  -2.06701700e-02 -9.14805289e-03  2.16018688e-02 -1.42856203e-02\n",
      "  -1.52510512e+00  3.49493027e-01  5.33398533e+00 -4.36334372e+00\n",
      "   2.37335658e+00  4.46181917e+00  6.48651409e+00 -5.13429022e+00]\n",
      " [ 0.00000000e+00  0.00000000e+00  0.00000000e+00  0.00000000e+00\n",
      "  -1.07658127e-11 -7.39517215e-12  1.02807606e-11  1.91890080e-12\n",
      "  -3.99796851e-03 -2.95370333e-02 -3.06173358e-02  4.69772890e-02\n",
      "   1.14279366e+00 -5.94660163e-01 -4.45461607e+00  4.26853085e+00\n",
      "   1.43472433e+00 -4.58992064e-01 -5.13429022e+00  5.70467520e+00]]\n",
      "LHS condition number: 394352736.0\n",
      "RHS.shape: (20,)\n",
      "RHS: [ 0.1398523   0.27068743 -0.23489733 -0.17146403  0.00960195  0.0185848\n",
      " -0.01612753 -0.01177234  0.          0.          0.          0.\n",
      "  0.          0.          0.          0.          0.          0.\n",
      "  0.          0.        ]\n",
      "Time taken for solver: 0.0001 seconds\n",
      "====================================\n",
      "a calculated in 0.00 seconds.\n",
      "a shape: (20,)\n",
      "First few values of a: [ 87.94959   13.687912   8.29464   78.16047  -90.73658 ]\n",
      "Final 5 values of a: [ 31.689865  23.294157 -36.000443  23.21597   14.260876]\n",
      "====================================\n",
      "Creating M_sol...\n",
      "Values shape: (Array(3336, dtype=int32, weak_type=True),)\n",
      "M_sol shape: (3336,)\n",
      "M_sol values created. Max value: 3.97067928314209\n",
      "M_sol created in 0.07 seconds.\n",
      "First few values of u_exact: [0.         0.00334448 0.00668891 0.01003328 0.01337753]\n",
      "First few values of u_test: [0.5561485  0.5468054  0.5127697  0.4593315  0.39115524]\n",
      "Loss Value: 4.84e-01\n",
      "Test Loss Value: 4.84e-01\n"
     ]
    },
    {
     "data": {
